+-----+-------------+------------+-----------+-----------+
|     |num_reactions|num_comments|num_shares |num_likes  |
+-----+-------------+------------+-----------+-----------+
|count|7050.000000  |7050.000000 |7050.000000|7050.000000|
|mean |230.117163   |224.356028  |40.022553  |215.043121 |
|std  |462.625309   |889.636820  |131.599965 |449.472357 |
|min  |0.000000     |0.000000    |0.000000   |0.000000   |
|1%   |0.000000     |0.000000    |0.000000   |0.000000   |
|25%  |17.000000    |0.000000    |0.000000   |17.000000  |
|50%  |59.500000    |4.000000    |0.000000   |58.000000  |
|75%  |219.000000   |23.000000   |4.000000   |184.750000 |
|99%  |2306.060000  |4338.040000 |607.000000 |2297.000000|
|max  |4710.000000  |20990.000000|3424.000000|4710.000000|
+-----+-------------+------------+-----------+-----------+
